978
248
609
214
941
250
349
889
726
875
902
447
434
759
921
558
896
179
317
270
461
53
672
215
667
644
146
340
698
341
431
545
239
814
805
107
175
577
289
496
372
976
746
432
528
975
800
651
491
204
28
861
957
104
960
27
463
365
54
582
419
25
97
336
690
135
258
915
637
586
922
403
288
501
245
846
728
950
151
352
156
980
448
539
828
352
629
301
706
366
133
412
251
947
751
794
69
899
576
717
176
374
730
296
428
807
893
495
577
709
311
475
192
143
635
807
302
36
620
690
181
774
165
596
842
225
594
178
998
850
4
603
385
563
273
571
136
854
326
422
379
60
128
929
704
386
106
631
431
530
380
609
269
1000
79
998
686
351
117
936
964
343
383
83
626
753
765
747
606
604
867
148
870
140
400
804
738
480
576
911
876
895
531
59
331
311
645
355
161
238
510
562
679
644
510
386
183
127
614
414
640
794
721
198
92
15
854
658
890
893
173
720
318
433
777
79
492
108
319
68
388
73
487
809
519
39
722
516
64
230
727
885
291
126
550
308
645
88
175
192
562
314
502
642
766
942
836
770
608
309
600
614
642
776
106
99
221
127
830
368
494
294
676
524
410
759
672
307
277
655
186
769
67
294
67
46
845
374
164
233
747
148
250
650
896
592
503
281
898
140
521
386
151
413
140
499
850
903
267
222
135
475
983
425
728
534
110
71
746
173
274
627
127
969
787
170
950
875
567
85
256
38
457
548
244
365
307
242
320
288
536
892
751
484
61
719
175
502
769
497
67
308
969
446
833
468
553
561
282
339
767
952
389
124
690
214
182
436
542
348
882
412
184
736
437
878
702
775
235
786
517
484
767
514
762
726
308
241
242
343
530
876
999
367
596
501
279
151
137
335
131
664
949
241
924
295
454
434
395
365
365
18
547
832
255
665
919
190
643
59
573
728
211
985
661
45
18
476
148
286
964
282
446
692
647
881
243
866
325
138
564
832
632
138
677
329
360
662
130
32
434
615
855
85
224
376
883
842
290
490
884
860
186
749
464
636
1
246
808
14
425
692
624
83
122
26
591
222
126
727
627
99
715
675
897
157
737
534
578
840
947
181
248
312
112
107
927
343
477
769
571
258
173
845
76
984
845
258
696
790
78
818
300
783
53
549
9
174
877
141
254
387
918
574
827
22
829
14
272
168
148
500
612
531
948
336
567
198
695
856
592
842
276
829
365
748
235
262
572
77
986
469
28
655
835
364
554
738
208
738
216
122
893
640
240
907
773
38
760
671
599
482
26
513
285
680
637
768
317
484
496
537
201
743
231
397
207
517
649
133
507
329
735
335
213
37
216
352
695
425
464
708
203
339
28
100
282
368
247
375
133
177
682
503
178
430
402
996
139
744
379
191
1000
218
898
375
524
930
421
424
185
874
223
142
970
538
567
121
861
273
514
691
845
967
899
625
144
573
156
915
188
550
29
220
633
170
165
367
102
111
298
290
834
510
866
476
939
136
265
656
507
314
426
726
678
107
297
134
516
341
229
930
405
506
619
308
177
192
23
28
161
170
398
356
480
474
42
521
246
178
213
59
248
982
142
498
132
360
315
730
344
632
520
478
339
93
747
229
176
445
906
711
367
603
820
371
945
776
449
262
380
480
236
564
71
102
390
543
737
41
210
460
100
538
996
878
897
850
332
457
178
628
38
688
341
935
312
37
752
953
247
772
70
821
201
655
904
104
373
660
947
955
674
945
419
728
93
138
181
338
675
77
220
61
609
960
494
325
974
643
744
384
899
930
985
777
332
77
939
961
146
422
998
444
146
634
434
369
404
457
32
49
276
989
431
709
396
800
812
36
733
487
821
902
270
854
857
80
589
497
14
180
730
926
919
421
728
445
531
443
609
311
972
757
323
109
369
338
600
89
452
939
266
543
899
151
847
327
978
957
655
199
316
851
420
991
767
451
746
174
452
368
323
340
438
234
800
17
678
111
840
206
864
871
114
843
741
49
936
592
600
55
173
426
47
221
364
72
639
750
862
811
757
667
977
304
938
881
158
276
886
836
485
456
147
785
791
922
189
796
699
907
236
14
383
624
241
156
217
507
45
342
662
863
386
411
5
684
440
430
217
896
87
895
731
827
583
227
864
898
364
175
34
9
136
106
826
291
194
110
103
205
640
243
752
733
743
977
910
762
521
228
644
718
885
719
200
111
116
729
352
959
23
56
536
796
867
612
613
579
737
896
824
833
985
474
708
560
118
4
248
734
24
975
182
908
392
723
108
631
403
766
184
220
482
240
131
750
609
776
562
639
583
339
212
577
131
358
900
950
38
379
570
618
58
100
814
991
60
84
337
880
160
995
501
70
70
270
89
10
128
43
697
420
415
7
274
307
453
312
670
507
205
867
359
972
446
218
181
576
334
48
969
251
871
359
380
633
351
719
626
804
658
51
597
918
308
16
489
287
919
193
337
279
516
965
702
671
326
661
957
585
214
492
593
48
688
172
461
372
966
126
638
755
273
547
509
533
938
496
439
144
479
358
604
686
712
982
556
688
129
902
369
973
984
437
714
915
932
110
903
261
879
803
474
96
936
594
125
876
965
103
176
641
687
457
155
519
221
717
133
655
333
895
913
690
391
598
25
457
176
564
228
654
612
58
308
598
835
124
73
61
645
113
390
220
617
728
572
444
593
827
916
413
560
437
163
284
314
728
927
317
371
859
417
160
870
28
356
81
831
158
914
697
736
627
861
436
917
763
442
985
578
52
354
304
658
468
256
850
760
812
349
31
438
174
246
625
187
785
547
940
142
102
126
936
44
751
20
919
355
927
4
497
496
864
525
798
376
234
900
399
521
200
253
606
77
63
894
101
942
254
493
719
236
210
401
191
430
178
119
648
359
232
524
699
348
752
44
210
886
304
821
899
967
825
424
957
169
888
822
969
787
993
750
142
465
803
658
589
724
450
518
496
935
368
641
33
889
267
937
949
916
796
917
447
305
889
74
423
609
590
59
559
798
586
334
419
695
702
602
594
546
658
991
178
332
625
630
506
346
470
140
461
825
631
415
11
253
737
233
864
244
878
84
669
804
713
465
570
229
893
826
688
20
337
826
144
749
952
520
514
703
519
957
722
217
714
330
47
756
509
332
179
642
28
653
816
357
157
821
157
970
215
861
11
321
663
198
936
294
558
603
46
289
169
643
539
463
292
641
299
442
647
585
981
610
741
55
730
640
689
907
147
127
154
843
794
203
334
783
544
350
807
779
928
373
674
580
717
733
371
26
606
212
987
419
772
938
493
241
199
159
524
798
510
572
257
405
7
600
775
347
772
441
737
516
44
416
937
196
629
144
112
712
927
969
304
876
238
74
920
673
429
336
233
419
577
561
881
296
874
310
871
264
541
719
480
232
910
539
898
95
476
945
52
928
584
435
668
134
448
495
482
451
188
295
718
280
984
228
60
132
381
809
508
758
105
722
733
279
865
549
809
729
836
703
640
259
360
5
546
493
756
490
245
138
253
877
862
113
348
320
17
464
613
179
957
252
60
821
588
944
929
18
120
484
277
254
939
24
850
673
566
154
117
353
505
325
513
465
61
379
600
359
38
78
17
629
665
951
724
868
321
632
451
799
245
968
731
905
315
383
602
720
917
563
616
681
7
10
981
304
810
28
119
467
544
457
542
1
75
38
490
63
621
225
679
815
221
309
867
765
496
522
237
85
859
16
690
763
519
408
98
657
813
795
671
466
711
471
141
340
446
869
397
351
540
352
174
483
781
848
983
616
422
721
843
546
861
173
193
207
843
799
992
662
451
497
427
918
200
567
397
391
233
136
652
891
286
242
741
788
241
932
280
199
568
408
701
968
776
383
802
268
446
43
243
267
530
38
820
653
186
515
325
904
721
904
654
778
128
191
396
18
899
308
799
334
922
512
498
169
765
86
240
612
509
521
998
453
971
818
713
597
188
841
934
362
566
712
482
225
481
931
159
302
249
66
966
710
709
841
405
306
663
241
493
995
991
958
54
909
312
181
167
726
994
345
699
238
714
640
529
806
446
914
89
146
73
390
109
591
630
915
687
257
492
312
613
685
512
95
210
422
609
860
918
918
282
454
144
721
984
773
275
133
898
1000
792
153
261
31
850
808
404
628
662
358
381
76
524
56
793
923
323
243
737
873
366
654
698
139
967
132
278
358
679
564
661
635
16
404
287
782
548
52
408
985
97
248
565
967
156
125
322
75
705
593
605
679
538
138
116
554
435
945
748
636
166
55
676
226
901
736
534
54
99
837
616
586
994
242
646
454
624
481
179
909
116
373
821
61
768
790
97
955
284
584
568
451
919
279
537
245
369
382
628
811
696
56
544
52
461
538
57
374
946
70
871
765
628
28
829
11
228
846
790
658
969
316
748
299
871
719
665
34
84
715
875
779
331
559
899
950
362
334
599
641
928
459
222
523
643
226
468
489
988
81
126
70
460
995
959
581
76
600
143
527
911
325
77
508
945
786
546
694
69
838
730
703
291
219
6
3
835
46
901
378
61
957
616
25
790
395
376
955
756
129
754
999
749
875
296
907
130
311
842
338
334
761
650
412
553
7
381
769
686
723
61
422
389
501
381
343
290
345
444
77
712
479
136
729
81
928
937
6
807
316
973
46
925
298
301
414
423
639
138
50
380
304
974
983
125
340
112
950
758
888
847
950
122
25
106
265
906
978
376
400
187
167
10
945
505
148
666
101
144
229
59
837
898
818
296
994
121
754
133
238
869
719
985
893
515
977
693
718
670
566
513
747
529
144
800
359
620
476
299
542
776
932
389
350
559
536
410
228
874
815
904
692
664
630
385
731
751
781
315
82
41
390
192
540
301
820
93
321
847
459
554
201
157
173
156
479
388
988
397
952
348
370
283
209
722
634
49
658
425
602
776
885
905
84
227
931
102
142
768
352
204
980
547
279
264
943
252
556
884
644
665
990
92
597
283
574
835
152
798
830
968
342
222
650
646
508
491
462
220
635
304
398
845
554
521
556
254
745
190
216
533
370
429
136
189
123
362
684
732
782
952
318
846
7
639
974
115
920
892
611
949
915
341
644
952
230
863
767
616
12
6
174
736
48
937
234
515
863
118
935
270
28
123
341
684
41
601
565
185
896
148
377
612
622
87
440
536
476
990
785
892
941
651
857
103
450
505
624
786
300
806
333
83
822
510
282
280
494
898
316
259
185
127
265
189
308
122
987
182
125
875
47
650
153
382
632
17
159
586
945
451
439
243
242
859
634
742
509
659
883
268
732
408
250
738
496
14
260
180
724
206
190
356
131
17
328
156
92
708
219
581
377
701
140
169
590
309
166
968
517
107
717
302
780
187
858
248
935
783
53
896
569
258
431
361
448
859
74
523
12
835
185
391
492
167
412
844
153
554
286
168
885
325
198
989
675
703
608
275
437
258
805
729
504
221
85
591
886
700
604
483
347
39
769
730
811
329
211
171
448
573
993
53
165
158
545
216
612
643
586
467
498
468
729
990
90
660
145
389
164
747
346
499
553
606
649
4
823
967
499
961
688
585
869
623
509
436
17
181
835
703
303
286
796
200
167
712
729
888
364
828
423
287
606
946
697
813
696
751
40
242
599
425
569
443
115
856
492
383
768
534
987
15
387
6
118
487
760
898
518
758
248
789
333
920
319
684
284
250
189
777
538
704
111
238
939
828
515
343
209
823
209
979
778
964
67
20
460
12
663
651
614
300
898
655
172
824
122
940
220
576
543
490
409
735
61
137
422
435
292
186
920
905
17
6
272
615
18
834
306
491
404
778
117
559
944
139
380
856
610
598
121
187
491
525
623
934
820
383
641
596
414
468
881
33
212
539
530
272
465
858
843
596
579
407
119
884
673
619
626
763
586
322
661
3
938
606
313
592
874
900
998
293
270
713
945
757
65
247
430
783
444
391
599
470
545
209
94
261
35
487
54
991
249
104
846
913
963
740
831
500
855
74
480
906
864
772
424
166
627
964
9
707
962
731
191
333
167
907
727
807
204
377
932
140
156
465
977
417
844
449
785
598
263
294
193
380
747
945
929
780
675
754
989
174
300
561
596
376
372
502
180
25
458
836
248
866
976
196
768
968
661
916
652
502
56
689
702
334
536
748
713
818
118
582
806
89
701
670
941
811
630
978
707
895
700
366
53
972
999
747
541
530
646
206
117
859
17
76
374
859
317
235
121
580
680
485
573
728
765
826
419
944
641
570
320
287
651
458
981
928
36
684
204
210
633
707
681
222
108
308
503
208
914
897
243
713
634
671
277
361
715
551
995
56
259
863
339
718
549
683
244
388
548
770
115
980
595
348
852
555
961
485
692
990
292
870
497
505
265
308
261
455
627
622
649
664
937
947
218
882
813
231
951
141
532
321
916
932
960
34
686
826
205
98
105
596
687
992
441
819
6
944
615
938
722
807
655
800
984
521
182
812
802
210
820
315
946
247
226
169
380
652
679
478
144
87
94
576
870
666
476
916
315
494
301
111
268
322
833
774
547
456
593
248
829
941
463
96
810
111
893
65
212
447
780
979
998
417
402
610
759
268
556
558
956
803
339
135
335
837
56
75
526
437
989
571
233
799
367
918
828
611
581
304
391
527
958
703
789
98
467
564
243
40
784
213
918
210
203
130
850
799
683
397
827
783
208
420
766
936
694
546
562
799
355
349
291
98
781
223
91
631
128
447
70
368
668
973
987
492
215
17
415
55
378
740
60
923
222
792
52
59
615
544
718
341
510
76
666
35
922
274
719
284
129
532
784
266
747
723
591
836
416
784
47
257
648
38
138
648
767
301
129
185
182
938
151
467
2
602
263
675
194
666
575
625
383
160
420
863
582
695
178
57
571
294
938
207
835
191
682
350
191
208
323
355
868
542
492
157
822
560
329
675
361
508
964
531
145
531
734
953
383
845
542
345
932
474
89
76
888
144
483
577
152
251
88
60
937
950
308
221
827
664
909
653
267
403
498
680
657
582
315
402
766
191
700
935
679
684
565
877
213
741
28
703
140
870
189
428
66
404
561
369
39
394
525
520
838
846
230
278
229
421
997
44
654
206
707
290
226
182
161
815
311
834
695
284
640
259
664
321
234
138
903
778
220
87
188
207
475
965
739
804
71
301
943
388
332
405
657
734
907
81
715
1000
541
694
711
742
185
451
292
701
655
201
440
844
188
837
9
258
37
911
172
107
29
231
922
600
662
83
409
756
238
540
399
709
155
654
13
641
442
557
482
211
714
431
883
253
743
386
887
720
70
995
681
694
359
279
140
555
272
736
417
633
388
180
242
396
543
379
579
976
181
478
54
588
584
511
481
468
614
174
241
50
326
308
942
444
438
537
56
97
546
683
371
316
462
793
149
391
554
962
916
333
998
993
796
642
952
300
965
957
550
696
267
38
179
62
21
526
50
89
257
461
846
923
304
444
10
367
991
55
972
416
872
28
890
217
754
550
54
272
296
78
831
316
706
305
693
13
862
547
719
893
181
398
921
823
960
617
679
441
678
580
272
510
86
865
435
800
434
105
688
695
681
519
981
823
151
963
909
395
713
748
37
522
516
861
26
844
326
188
489
782
902
559
3
641
363
655
941
465
272
787
212
674
32
725
570
25
703
380
958
132
757
294
544
964
163
81
171
894
585
709
878
847
909
496
183
903
332
498
214
213
832
267
530
32
699
780
752
316
300
412
842
330
618
766
987
116
868
355
871
653
348
466
831
703
535
170
250
174
338
754
106
619
493
831
302
993
91
162
101
527
467
326
158
548
736
910
449
156
406
577
968
995
775
980
605
339
929
684
505
954
109
709
133
374
748
944
809
559
690
109
824
434
205
389
171
951
359
822
603
491
737
189
793
772
110
721
800
364
567
361
729
74
779
423
981
913
474
754
572
775
238
550
259
256
420
411
516
174
217
895
523
495
782
878
346
265
846
165
832
683
294
458
60
893
453
966
848
590
733
904
164
608
4
305
494
666
640
599
597
294
700
542
132
342
138
869
227
884
656
281
811
356
917
476
849
650
692
906
722
179
411
267
988
436
209
114
289
997
632
597
787
122
26
223
244
666
783
640
96
953
573
144
202
550
524
825
83
772
653
743
528
708
767
321
65
460
244
652
117
361
962
385
125
255
369
589
39
213
479
441
43
575
975
276
193
585
618
3
452
420
694
432
793
886
894
84
381
90
393
607
184
376
871
316
814
551
333
208
628
926
476
83
387
80
634
407
132
167
525
308
74
509
6
421
799
583
775
528
803
717
710
780
319
200
432
697
480
446
794
738
258
13
462
597
925
427
424
500
942
694
949
789
760
664
467
728
646
927
346
573
195
325
397
786
956
948
698
56
704
672
328
837
868
171
205
925
986
173
604
726
829
870
17
700
142
394
583
479
707
5
55
514
911
596
54
574
480
262
867
862
932
463
56
251
364
628
205
571
696
373
235
728
774
358
479
817
424
633
575
14
620
500
584
258
272
31
218
213
859
449
746
994
667
374
56
594
319
351
818
455
807
904
583
415
161
852
123
477
607
584
901
430
920
983
474
377
624
606
111
421
336
990
305
885
129
742
382
492
27
988
180
297
652
518
323
658
606
103
638
980
493
613
113
589
619
340
157
891
111
559
41
75
642
741
250
540
958
592
916
20
811
457
240
592
307
798
788
173
2
591
249
317
755
438
321
593
958
80
574
783
902
292
862
38
167
83
432
948
449
778
545
945
74
484
860
334
868
68
771
728
589
466
771
419
832
200
676
627
419
39
951
646
649
347
457
413
462
389
109
971
188
645
257
663
919
719
614
737
332
256
392
831
44
803
257
369
277
215
205
600
867
972
855
403
604
198
17
329
408
826
853
871
9
317
703
588
508
97
861
133
618
933
427
653
437
590
481
40
583
624
183
232
117
19
40
811
960
664
13
112
122
784
688
170
419
457
553
436
31
151
247
742
381
751
678
670
229
959
872
353
142
85
1
844
578
922
756
465
485
233
477
661
766
66
193
473
83
970
378
486
417
487
716
74
235
979
982
489
848
288
188
88
451
685
488
87
822
441
521
554
630
512
655
577
183
325
466
161
278
418
1000
257
327
310
15
341
166
69
377
672
620
822
924
633
343
631
553
957
654
944
230
484
70
140
608
161
886
783
852
741
224
984
998
995
542
772
403
132
869
771
611
314
129
971
136
510
255
283
707
991
175
719
662
727
271
332
995
517
687
354
364
676
536
995
340
79
40
96
358
841
517
760
20
349
933
677
44
238
894
976
587
250
475
391
172
27
874
514
696
506
221
939
925
642
797
412
481
260
888
398
553
155
147
609
366
5
894
278
45
284
367
667
658
597
894
522
428
360
542
484
232
333
305
199
78
758
350
476
943
31
562
904
411
605
96
955
202
120
405
128
431
103
328
477
377
504
414
938
703
72
484
346
322
640
657
1000
655
961
414
907
959
343
628
261
325
708
588
569
640
202
150
302
856
196
680
845
942
746
256
427
887
592
912
653
247
101
540
248
253
443
920
282
323
649
97
780
644
863
221
809
485
543
212
385
573
753
7
312
137
740
988
199
746
698
866
41
989
938
100
102
329
224
483
392
709
742
997
890
937
755
811
684
816
165
978
227
531
190
882
697
453
699
481
165
571
41
221
400
590
621
558
349
821
434
680
21
521
553
869
911
689
329
41
265
759
688
884
909
890
443
141
999
455
24
858
5
908
99
240
615
114
266
604
827
69
972
82
707
510
332
212
778
227
826
50
934
163
844
297
607
492
715
306
918
411
219
679
64
837
574
871
35
934
408
146
298
805
445
802
393
882
595
575
214
626
652
522
326
357
369
297
460
661
10
720
484
780
81
731
943
254
183
909
486
128
594
126
768
319
7
868
587
356
250
191
802
203
326
367
413
33
973
237
436
408
996
303
282
366
450
493
747
101
615
700
420
141
131
765
627
270
958
729
248
913
13
304
580
145
517
758
77
614
609
904
289
392
438
353
510
515
558
881
746
816
352
251
278
872
979
764
183
145
795
344
872
464
282
711
830
304
78
277
940
705
926
935
250
237
428
295
372
511
183
207
910
343
621
256
572
857
6
579
436
826
911
619
329
490
825
871
962
457
111
237
606
364
916
277
127
745
698
438
80
567
181
425
683
714
406
84
21
168
985
217
380
760
137
83
916
37
878
483
276
477
230
879
635
648
625
982
234
128
898
664
794
759
188
610
814
386
524
762
328
694
222
565
347
535
123
515
487
657
77
690
611
729
566
267
497
452
476
560
414
460
54
617
516
510
690
835
299
331
22
591
663
428
457
800
746
393
832
883
349
447
989
559
448
863
503
511
817
597
16
21
73
19
536
724
968
748
994
168
88
585
702
862
928
759
126
170
129
971
961
682
919
657
416
434
863
258
324
692
89
371
641
39
265
120
202
9
843
957
281
183
736
335
780
851
863
536
406
340
726
307
673
944
406
932
281
604
898
528
149
302
346
976
106
281
591
220
922
222
8
888
979
951
28
841
526
685
108
802
603
428
116
143
683
815
385
988
165
669
849
421
938
537
381
107
888
739
505
913
971
807
338
53
949
737
339
925
993
294
992
982
745
104
708
287
628
853
771
852
43
340
873
107
184
903
382
854
394
188
319
555
278
420
494
394
87
581
236
666
659
655
394
88
66
67
316
901
794
467
789
69
428
684
72
861
285
586
515
318
527
623
73
428
357
119
969
739
821
718
946
171
750
126
131
688
317
707
540
895
628
402
944
680
420
503
367
330
333
685
795
899
410
67
115
480
336
700
78
372
669
77
575
181
36
934
417
538
111
940
900
947
768
635
783
414
533
742
401
934
962
262
526
219
314
923
374
513
990
808
131
750
378
557
755
170
962
107
643
388
181
284
697
76
131
105
198
237
54
558
968
286
487
814
5
744
407
862
39
169
129
301
796
691
547
813
94
136
619
810
622
719
314
785
850
770
722
640
738
101
823
94
461
598
235
807
106
121
808
542
350
909
255
69
313
764
718
749
227
432
380
833
384
465
179
778
101
109
288
714
495
228
451
218
404
468
953
742
507
436
186
563
302
827
82
762
178
797
408
872
425
646
131
206
69
344
635
327
60
763
206
396
694
63
850
382
410
663
521
460
516
240
354
282
211
477
701
292
399
992
557
985
476
231
422
961
553
476
501
461
844
605
644
365
836
378
460
965
787
28
308
356
984
819
13
566
722
493
983
422
770
462
70
371
611
327
868
680
287
514
154
376
953
104
924
659
640
835
748
231
120
647
901
540
714
142
460
399
875
58
650
600
593
378
486
952
222
767
142
737
531
301
623
34
926
89
977
530
719
321
884
689
419
983
551
55
681
89
56
226
631
374
351
255
423
646
49
731
541
326
196
805
544
8
355
699
842
950
767
579
960
406
94
34
300
865
535
451
722
137
612
301
868
236
190
65
520
231
76
349
595
912
442
820
379
234
646
563
950
966
399
225
948
69
937
972
460
923
178
633
756
761
303
147
456
868
564
802
599
361
580
382
129
711
152
737
493
997
488
897
549
483
442
160
309
115
352
857
520
924
5
57
171
28
132
48
734
53
748
726
578
201
326
339
91
835
924
709
741
783
583
456
356
679
640
842
439
987
76
787
960
274
226
660
237
430
310
400
29
249
485
954
253
844
358
640
641
621
558
257
253
270
242
695
507
290
532
241
472
920
947
698
251
929
162
266
219
606
444
61
449
633
854
128
658
367
949
958
771
719
673
807
537
556
30
202
928
793
917
401
534
240
627
681
111
262
145
466
735
208
491
603
927
665
896
324
636
68
889
894
78
895
295
242
415
419
19
629
561
913
627
381
203
298
525
79
996
779
729
482
94
738
244
345
186
305
116
977
583
85
659
629
30
667
959
314
102
219
774
901
171
443
759
669
275
961
412
873
426
155
759
362
17
569
965
451
997
983
528
647
937
870
896
190
765
641
703
484
593
761
395
924
542
120
789
811
292
806
348
136
366
19
819
486
486
880
412
53
24
281
317
404
776
555
409
889
348
960
677
842
794
635
420
918
373
934
594
310
883
180
670
915
104
944
838
138
636
344
449
16
468
52
660
839
17
296
455
130
636
899
54
332
70
587
178
211
822
855
342
59
999
593
103
146
42
429
775
662
851
265
887
931
113
759
233
594
696
939
922
943
522
455
658
346
648
487
454
137
234
440
797
676
746
674
524
704
981
320
736
778
644
444
910
269
390
857
98
389
792
456
147
341
573
823
682
678
461
829
599
610
29
951
223
874
253
175
353
133
413
554
853
675
38
48
248
263
470
298
959
530
476
743
560
695
745
886
404
251
759
197
185
112
893
829
990
380
692
701
814
762
138
255
970
591
917
610
257
559
367
774
581
103
347
492
474
376
564
709
741
970
58
209
568
426
786
781
745
435
195
660
221
394
166
960
241
714
406
563
282
18
969
482
111
3
149
632
931
80
317
218
971
831
288
73
203
988
660
100
918
566
956
283
418
122
609
326
769
631
932
131
519
488
936
710
755
478
751
517
159
515
946
436
504
953
87
36
137
963
74
373
12
189
690
105
181
55
10
697
66
250
266
275
57
599
554
963
313
304
914
719
761
512
966
360
92
656
599
118
350
556
627
398
624
725
139
362
491
507
660
81
248
713
569
340
323
795
96
312
363
938
277
79
397
465
349
351
53
647
835
678
243
864
572
101
920
845
1
980
333
26
953
483
697
329
330
25
986
925
272
362
825
888
173
917
384
904
522
659
249
166
268
733
320
863
820
641
943
315
651
675
98
455
775
355
552
139
666
385
356
473
423
771
307
821
497
65
745
970
193
200
759
802
179
13
222
81
373
229
154
237
783
588
826
799
14
438
497
28
344
367
690
740
718
158
852
910
302
958
590
588
3
654
37
620
376
134
168
923
85
298
114
622
156
786
231
387
186
938
488
320
686
31
528
803
253
416
920
951
516
528
490
164
688
353
939
888
989
768
215
378
999
160
605
153
971
553
859
764
380
495
649
407
194
238
928
36
387
255
599
948
15
774
65
806
600
531
85
698
389
886
905
996
237
651
112
581
885
996
967
839
496
447
983
655
61
65
812
55
953
514
935
716
947
784
450
804
646
482
573
712
370
762
403
297
705
76
279
740
979
522
669
319
410
285
564
479
795
961
617
530
46
177
551
931
884
516
715
28
767
271
227
925
421
761
174
158
805
754
84
526
44
397
460
645
919
570
941
195
116
965
576
913
768
140
749
195
683
566
551
259
498
52
295
318
313
127
467
283
454
129
319
540
292
598
196
887
49
503
588
92
393
600
469
115
25
891
18
771
611
935
579
646
910
476
256
805
679
429
114
441
653
21
968
222
488
259
882
777
833
85
975
39
311
969
232
286
663
625
311
438
525
783
10
665
792
825
198
286
785
973
522
649
264
357
677
51
602
631
32
788
230
920
289
410
6
892
436
33
297
993
690
202
756
309
58
351
662
310
614
42
171
468
620
10
367
661
281
556
19
788
175
86
414
290
298
613
646
766
63
458
712
10
889
197
721
447
611
317
958
862
152
343
485
448
792
749
190
360
646
654
828
572
99
682
804
591
596
672
554
864
299
537
903
341
400
228
809
885
762
821
225
354
106
507
518
280
438
698
884
749
179
820
794
876
200
633
233
159
760
875
651
381
166
22
755
322
627
276
628
795
817
665
877
22
937
502
139
818
982
300
655
496
328
698
163
693
377
926
250
852
560
396
925
728
865
758
469
188
924
239
725
189
668
337
537
397
736
518
204
200
744
232
536
11
469
37
368
81
578
181
204
795
753
423
368
121
558
776
334
119
305
721
457
48
112
480
229
765
563
490
433
482
461
453
132
838
102
961
163
298
618
214
61
624
432
216
196
424
826
96
2
331
215
237
606
706
582
262
905
382
457
863
994
829
94
384
986
782
531
946
927
925
106
680
298
516
39
442
689
222
375
659
821
881
261
233
505
610
526
142
596
502
195
907
377
389
445
77
274
680
441
185
121
222
148
460
190
731
842
933
702
523
780
402
810
999
150
884
723
958
519
646
508
735
315
946
80
46
912
711
358
668
519
306
26
683
532
718
137
641
102
109
874
387
661
754
252
39
251
860
85
723
701
332
261
125
566
652
197
910
421
641
149
918
998
688
423
842
120
972
395
983
714
22
88
491
198
656
280
634
73
428
505
83
763
574
79
850
880
19
279
503
448
53
167
544
392
63
576
676
702
852
22
288
221
30
338
846
328
483
814
902
783
991
810
742
626
227
93
388
617
144
592
535
872
750
21
184
376
709
457
567
523
197
985
349
778
895
601
242
324
162
244
451
272
245
198
853
834
216
12
42
710
621
889
311
146
113
285
515
321
638
799
351
870
44
964
422
919
263
443
249
685
337
869
106
924
170
952
409
448
49
156
24
941
175
494
978
826
14
497
831
53
349
689
816
431
505
367
26
728
246
32
132
183
778
954
983
657
354
793
742
597
753
675
755
130
70
789
404
9
184
373
393
124
538
989
38
833
677
895
319
79
396
420
916
204
292
369
188
321
856
997
730
911
932
303
290
416
697
9
564
253
121
358
334
606
131
404
470
365
407
88
358
980
352
171
44
206
328
383
399
593
974
593
359
865
539
601
831
373
530
428
310
617
967
235
780
154
208
466
138
533
539
313
509
539
247
753
552
565
10
518
852
764
43
790
353
574
343
476
142
523
503
622
847
849
781
698
391
911
56
619
436
652
159
625
916
224
708
600
759
109
205
304
671
696
741
713
910
146
562
432
659
646
925
558
523
468
856
40
524
165
397
186
770
393
159
320
64
122
26
421
957
518
776
735
672
603
511
75
162
313
8
825
356
460
528
998
237
357
74
974
491
770
954
727
807
825
288
5
998
16
658
473
340
747
759
284
641
783
472
278
978
236
448
625
615
244
304
229
333
665
809
687
905
930
144
217
210
7
580
821
677
718
538
487
346
470
244
211
986
141
505
701
99
827
10
183
880
155
570
89
257
9
547
309
640
892
494
139
288
45
318
489
358
133
598
465
777
986
90
646
396
984
446
717
884
806
127
633
59
498
639
636
945
115
833
120
430
370
462
653
758
570
654
997
540
928
203
903
272
277
192
703
170
2
572
998
612
934
798
583
653
674
625
759
258
31
376
862
75
453
459
912
244
754
344
378
326
631
524
372
696
354
198
714
327
287
172
86
203
911
213
491
224
141
852
229
147
545
992
885
673
930
422
475
460
489
426
483
274
672
879
925
654
173
822
263
911
237
424
455
318
209
121
559
949
987
4
444
592
656
638
480
600
744
28
907
79
972
224
642
970
902
640
950
16
363
161
12
167
90
931
398
41
712
205
920
890
471
938
207
739
665
169
319
591
213
1000
344
561
90
488
63
122
135
273
166
55
734
480
774
373
995
439
93
242
450
911
7
446
979
156
514
496
763
688
737
572
515
885
547
271
140
976
630
881
908
788
404
723
117
956
115
840
501
625
854
628
748
196
627
446
184
177
225
517
807
378
528
234
427
760
16
484
51
188
314
588
357
933
9
208
474
200
457
493
200
163
44
666
738
285
991
870
348
100
548
796
234
312
266
813
202
173
49
814
248
169
799
325
578
591
717
909
608
526
502
487
919
211
322
864
422
803
650
349
937
698
978
66
287
359
295
205
217
798
81
922
376
808
550
346
420
364
480
758
674
103
816
463
79
488
727
152
454
935
64
356
969
381
371
442
889
903
150
199
872
935
162
856
486
78
793
974
387
762
177
330
804
955
446
516
729
134
267
67
699
402
314
836
684
377
373
768
701
519
482
928
673
248
330
7
875
34
411
471
288
434
443
532
139
777
736
177
740
502
526
544
22
108
501
601
541
428
376
937
181
445
116
507
654
925
255
63
641
883
442
708
803
34
922
959
999
992
506
111
291
149
529
726
983
108
730
500
735
259
760
597
601
435
164
417
961
880
904
964
882
88
958
406
304
966
729
417
833
884
297
43
580
31
182
317
392
705
811
15
391
29
928
518
479
41
642
375
994
836
523
207
546
777
514
100
860
447
992
341
2
130
729
344
93
738
558
428
139
73
908
361
645
977
945
17
49
622
877
133
401
254
638
739
490
1
7
269
966
95
159
79
461
908
163
911
858
386
264
364
847
105
778
630
599
197
914
195
553
796
798
577
791
912
123
996
327
791
756
342
965
904
44
431
473
349
284
632
366
475
249
260
966
536
397
95
918
974
836
898
427
584
314
232
623
347
423
804
458
90
609
67
345
199
886
397
137
701
586
154
333
786
741
495
921
70
657
67
471
306
574
966
997
369
896
779
284
41
883
533
867
997
543
959
150
414
675
68
189
681
995
437
595
365
385
94
768
884
600
282
87
645
217
607
829
563
883
656
5
939
77
212
617
30
28
279
220
123
698
799
906
67
264
827
579
704
439
746
973
178
170
995
275
598
632
5
520
610
835
502
436
226
189
778
71
90
743
528
513
438
604
461
450
749
88
311
884
90
566
451
252
326
527
109
667
213
522
150
57
322
972
108
805
375
84
922
290
465
545
459
807
754
633
100
496
631
171
154
43
397
531
300
640
789
901
774
3
985
128
504
862
297
722
875
954
358
13
725
974
420
191
856
916
615
507
222
40
241
620
657
16
682
996
924
177
312
306
751
87
995
823
267
339
27
938
942
914
23
428
204
607
64
4
296
311
773
149
594
447
291
335
835
426
911
138
167
764
930
162
7
228
139
719
348
354
508
255
893
755
420
406
591
551
479
60
17
395
685
837
502
202
344
905
663
151
905
256
47
781
391
32
594
63
528
62
784
493
480
448
212
806
264
594
85
900
689
275
150
107
772
505
333
348
813
601
374
457
890
659
831
252
690
858
43
830
216
112
961
680
910
187
568
12
200
486
702
751
774
363
700
965
247
604
698
39
387
96
665
912
983
540
567
752
351
61
789
493
692
731
395
600
718
717
715
907
314
300
663
512
604
833
397
693
851
112
949
673
904
950
73
29
284
755
535
925
640
669
351
484
837
25
321
925
970
51
161
818
459
125
725
368
23
845
183
391
162
528
929
328
233
963
152
228
64
376
476
233
540
915
960
304
80
216
181
727
287
510
561
17
564
948
674
332
695
271
92
451
810
547
957
298
761
565
842
832
67
711
107
312
854
464
182
577
532
426
60
435
123
175
90
386
4
687
345
115
671
621
174
142
155
636
68
323
993
648
355
828
926
759
156
775
934
939
496
926
105
345
344
874
298
282
68
75
700
358
280
445
240
121
568
792
755
778
549
187
338
462
471
793
124
557
303
747
703
151
965
57
307
166
428
767
698
791
132
799
831
465
715
411
7
985
133
532
457
296
730
210
51
437
367
862
445
47
361
42
80
453
82
451
924
540
245
23
763
172
822
504
56
84
954
805
888
968
864
725
37
987
850
596
648
715
973
706
203
240
307
544
180
647
813
959
939
337
320
721
144
423
392
934
515
216
329
225
556
493
723
250
103
26
300
877
312
653
381
957
147
694
924
376
237
37
403
987
611
50
146
795
890
241
787
689
656
243
851
224
265
336
859
605
757
567
405
842
450
510
415
684
683
532
739
114
806
831
531
272
982
123
321
292
61
314
953
33
866
206
45
99
481
816
763
951
561
952
156
160
314
801
414
189
363
507
792
27
250
979
192
895
579
73
787
856
6
971
368
748
984
505
474
518
827
184
776
902
697
713
509
742
292
762
343
735
304
729
162
367
996
233
317
264
159
223
537
658
324
256
15
98
788
716
134
979
852
189
353
188
506
435
109
188
902
555
621
213
526
539
586
624
482
575
551
938
38
519
189
279
955
409
419
299
379
273
78
587
184
848
136
67
25
84
573
757
577
248
463
135
43
989
974
565
89
659
660
812
4
188
428
85
723
230
364
827
654
990
110
746
153
761
560
546
925
301
137
875
290
383
371
505
408
313
652
335
146
532
879
278
228
136
763
543
472
633
484
364
619
201
344
632
947
852
168
62
181
219
195
830
152
605
308
651
624
527
223
480
853
659
555
233
971
390
921
838
640
436
759
530
927
742
187
859
479
625
420
844
861
199
187
93
738
360
497
705
349
771
422
98
573
675
713
342
916
785
538
259
959
830
240
733
648
878
606
545
897
496
81
167
374
121
731
812
773
930
317
661
9
444
770
302
488
797
38
714
559
796
432
417
48
966
69
46
480
330
290
879
801
485
173
356
499
656
684
223
730
615
564
544
849
942
901
203
437
292
63
539
649
533
697
135
432
104
952
865
139
574
736
636
750
784
559
208
237
580
444
139
19
840
212
662
342
991
95
67
950
130
29
881
522
219
365
695
18
932
489
409
286
553
611
345
836
158
53
509
524
985
124
997
544
311
682
893
195
15
999
754
937
989
211
779
549
146
762
562
828
200
839
73
279
421
569
175
471
576
564
724
7
88
309
866
173
660
741
793
67
329
928
845
735
68
758
103
111
579
949
601
36
89
754
731
225
797
758
345
545
841
282
72
496
589
399
557
611
459
749
591
962
504
382
446
447
371
704
691
601
909
10
277
95
535
194
456
761
955
799
957
835
983
748
73
228
832
243
915
838
556
893
322
236
533
607
828
733
507
96
409
943
484
633
816
163
694
332
64
92
856
10
671
558
236
895
326
794
111
326
219
810
685
886
616
111
523
737
733
931
992
462
132
355
787
23
988
80
991
168
123
922
35
643
244
80
429
975
556
725
673
206
907
536
561
510
669
428
481
860
936
112
403
367
405
197
409
483
226
178
571
539
357
994
271
153
131
241
114
576
670
808
902
406
701
381
70
211
77
526
267
43
156
318
29
461
640
289
782
62
371
227
787
913
912
630
213
764
613
387
822
827
811
112
638
262
939
782
91
284
737
74
213
830
951
261
956
708
532
754
887
682
380
876
283
466
552
899
258
573
505
134
301
873
344
747
464
254
74
787
397
721
424
769
243
922
766
584
260
600
343
746
804
879
893
187
142
76
452
607
901
769
856
686
518
597
319
754
723
887
154
263
14
361
421
366
435
488
734
483
880
27
311
650
221
325
153
476
320
669
985
496
609
444
907
828
357
660
777
697
796
182
520
292
467
783
476
461
58
648
233
797
38
576
329
246
855
988
185
696
883
364
660
342
106
658
918
114
790
567
677
794
343
949
211
508
919
128
6
379
513
135
445
910
605
271
156
875
184
788
643
473
273
507
682
319
581
569
852
62
20
960
782
103
654
327
733
782
693
10
803
981
579
562
880
435
212
974
839
638
101
81
849
559
816
537
177
731
407
847
121
906
766
916
984
818
637
259
390
19
463
667
565
166
40
836
431
212
251
425
643
567
767
35
930
461
556
250
966
528
852
246
627
799
156
173
823
263
881
640
350
672
413
124
169
472
365
880
913
576
87
755
360
146
34
508
321
602
860
735
238
466
59
929
240
362
316
951
404
667
662
509
766
597
348
55
135
321
681
278
859
111
847
782
581
314
996
251
845
494
751
431
379
562
643
66
548
196
393
759
480
665
180
268
368
854
871
140
932
787
354
681
775
17
241
82
438
138
619
9
488
267
811
849
513
439
326
773
847
486
531
484
318
848
315
896
313
68
705
998
630
649
682
589
451
458
716
927
879
305
28
291
730
127
380
739
660
272
410
977
15
994
953
304
196
904
503
668
565
847
100
660
468
691
169
823
967
649
263
465
56
417
183
233
884
551
32
434
739
470
140
59
397
345
508
460
351
17
817
62
610
484
195
1000
809
940
523
941
468
708
11
734
346
31
699
940
694
133
179
270
671
24
532
74
156
941
280
342
451
961
865
811
203
276
964
83
653
277
59
993
105
272
839
203
251
883
909
821
223
934
484
705
621
254
760
742
734
589
989
20
511
277
283
981
591
629
553
317
518
713
424
750
272
914
222
271
310
934
100
758
211
886
909
983
153
459
756
734
430
859
516
523
896
428
192
745
340
936
816
948
307
264
743
75
656
497
142
642
219
964
521
548
626
735
48
264
252
174
255
376
33
673
570
252
833
509
790
207
14
446
211
9
97
770
572
766
363
658
792
298
655
384
121
664
601
344
646
606
51
132
257
581
445
274
724
655
643
405
197
378
34
849
987
284
922
696
721
22
334
407
419
130
962
699
98
747
556
174
170
1000
754
915
96
696
964
253
254
241
407
667
94
875
196
134
538
352
51
378
209
893
8
51
30
865
8
763
847
834
421
239
22
631
151
621
982
500
401
565
637
780
375
540
373
526
497
126
460
284
725
721
775
7
340
172
666
120
628
798
717
285
723
608
341
417
565
79
987
789
299
972
888
547
662
358
556
532
58
159
682
466
282
967
275
29
870
482
677
803
817
328
572
513
336
349
631
593
958
913
928
306
553
323
596
286
404
642
239
365
389
742
260
866
344
94
101
66
763
681
102
974
64
571
69
60
57
265
596
318
555
845
468
233
792
197
776
286
787
416
814
945
38
61
236
769
398
924
727
715
967
829
657
169
736
584
136
883
359
317
212
288
385
931
911
660
461
319
217
835
88
348
42
652
564
92
397
688
48
365
55
290
359
168
906
950
926
140
118
257
442
563
163
861
817
742
298
788
30
432
189
703
666
646
501
635
683
894
676
128
567
937
483
736
238
728
49
167
762
484
915
157
106
390
994
352
5
730
758
789
974
892
575
9
724
378
798
894
826
549
876
369
160
909
323
468
986
968
323
957
879
504
399
596
578
857
548
109
342
654
142
629
24
40
729
624
76
118
897
613
73
412
74
181
610
696
316
553
757
913
488
667
912
195
634
745
118
199
392
675
627
888
693
153
248
618
296
283
836
138
655
136
633
117
599
724
843
61
898
635
960
897
600
786
164
804
182
317
534
321
715
953
794
389
667
786
430
225
993
673
703
850
689
428
891
747
540
319
64
74
118
261
916
627
589
453
818
153
391
777
310
305
934
263
145
203
902
349
567
653
714
885
832
418
530
9
121
774
208
883
761
663
612
588
164
27
991
678
686
45
937
14
66
416
797
378
948
461
5
293
357
965
688
550
37
775
4
618
771
253
915
441
580
485
441
922
481
150
551
455
892
637
176
414
132
732
665
873
777
959
367
153
169
623
250
280
443
491
407
209
874
720
595
808
567
643
966
311
754
773
437
771
167
104
152
243
100
469
465
262
476
270
273
155
615
451
493
311
721
631
24
761
814
102
486
439
654
640
374
143
561
364
311
632
946
496
324
907
467
95
124
757
891
555
366
718
769
845
496
897
844
874
891
43
30
125
483
574
603
30
178
866
459
792
132
663
317
464
132
224
713
57
364
730
379
344
64
108
496
270
646
39
788
214
429
939
366
944
127
386
783
57
104
666
601
22
859
224
953
604
197
636
243
399
535
497
394
2
925
672
569
59
61
756
250
822
429
567
835
40
825
145
137
454
359
47
858
650
994
243
555
72
242
416
532
740
107
877
276
923
339
880
585
382
928
66
732
41
164
259
315
928
536
106
867
200
45
319
877
57
1
69
293
136
383
789
919
848
552
350
618
914
320
673
853
851
717
60
949
737
912
104
1000
383
344
752
176
20
694
180
835
411
175
212
192
126
553
839
584
413
885
107
680
805
754
565
154
261
458
742
326
174
902
802
380
437
810
668
842
417
97
29
794
378
367
833
456
170
704
798
869
665
790
168
517
379
482
452
735
735
532
439
196
543
139
359
986
925
570
5
415
330
222
597
89
18
835
834
486
30
320
254
258
875
693
485
807
987
342
230
43
573
891
220
570
349
580
674
892
549
334
885
95
552
457
32
436
57
137
942
949
7
157
15
649
378
225
368
60
271
910
823
273
469
783
897
713
699
994
873
400
453
330
100
215
502
437
404
865
759
162
660
474
164
687
295
998
983
582
201
404
833
529
871
277
193
155
788
938
376
906
747
401
27
673
466
632
719
245
378
195
85
338
94
404
995
608
678
260
113
440
627
337
939
998
585
675
32
796
680
758
211
774
204
268
989
15
590
260
334
202
640
16
560
239
14
129
434
264
179
266
553
208
309
621
557
283
283
142
66
703
83
902
978
484
249
248
560
447
155
711
577
323
716
605
668
890
497
816
531
295
882
647
872
634
631
953
705
303
914
419
78
485
435
392
425
519
896
663
430
245
672
368
575
443
693
856
748
822
317
398
385
454
31
464
186
173
769
97
765
770
199
597
739
848
480
513
894
261
668
438
44
426
302
395
402
50
541
754
313
547
215
454
655
673
292
896
255
693
217
525
883
812
402
863
820
46
450
270
8
839
767
126
734
830
247
293
628
584
797
310
915
679
329
505
228
161
346
222
843
504
560
867
541
886
322
184
79
902
87
693
868
470
190
69
430
696
664
938
313
830
204
943
497
594
493
782
643
502
848
337
662
170
438
426
314
638
201
997
700
226
967
803
512
614
613
889
747
569
264
499
219
31
513
352
628
712
360
677
73
144
91
131
106
846
759
789
457
91
982
184
591
702
234
841
453
597
679
873
964
109
543
661
805
175
17
305
184
757
504
352
873
685
705
588
442
180
608
598
910
53
820
293
729
328
142
250
292
527
678
349
25
572
94
114
163
890
185
757
825
947
442
572
385
979
526
915
146
613
567
451
487
695
